m<-1:10
